6
5
1 2 4 5 3
4 5 2 3 1
9
1 2 4 8 9 5 3 6 7
8 9 4 5 2 6 7 3 1
50
0 7 6 5 4 3 2 1 14 13 12 11 10 9 8 21 20 19 18 17 16 15 28 27 26 25 24 23 22 35 34 33 32 31 30 29 42 41 40 39 38 37 36 49 48 47 46 45 44 43
1 2 3 4 5 6 8 9 10 11 12 13 15 16 17 18 19 20 22 23 24 25 26 27 29 30 31 32 33 34 36 37 38 39 40 41 43 44 45 46 47 48 49 42 35 28 21 14 7 0
51
0 2 4 6 8 10 12 14 16 18 20 22 24 26 28 30 32 34 36 38 40 42 44 46 48 50 52 54 56 58 60 62 64 66 68 70 72 74 76 78 80 82 84 86 88 90 92 94 96 98 100
100 98 96 94 92 90 88 86 84 82 80 78 76 74 72 70 68 66 64 62 60 58 56 54 52 50 48 46 44 42 40 38 36 34 32 30 28 26 24 22 20 18 16 14 12 10 8 6 4 2 0
51
0 2 1 4 3 6 5 8 7 10 9 12 11 14 13 16 15 18 17 20 19 22 21 24 23 26 25 28 27 30 29 32 31 34 33 36 35 38 37 40 39 42 41 44 43 46 45 48 47 50 49
1 3 5 7 9 11 13 15 17 19 21 23 25 27 29 31 33 35 37 39 41 43 45 47 49 50 48 46 44 42 40 38 36 34 32 30 28 26 24 22 20 18 16 14 12 10 8 6 4 2 0
1001
0 2 1 4 3 6 5 8 7 10 9 12 11 14 13 16 15 18 17 20 19 22 21 24 23 26 25 28 27 30 29 32 31 34 33 36 35 38 37 40 39 42 41 44 43 46 45 48 47 50 49 52 51 54 53 56 55 58 57 60 59 62 61 64 63 66 65 68 67 70 69 72 71 74 73 76 75 78 77 80 79 82 81 84 83 86 85 88 87 90 89 92 91 94 93 96 95 98 97 100 99 102 101 104 103 106 105 108 107 110 109 112 111 114 113 116 115 118 117 120 119 122 121 124 123 126 125 128 127 130 129 132 131 134 133 136 135 138 137 140 139 142 141 144 143 146 145 148 147 150 149 152 151 154 153 156 155 158 157 160 159 162 161 164 163 166 165 168 167 170 169 172 171 174 173 176 175 178 177 180 179 182 181 184 183 186 185 188 187 190 189 192 191 194 193 196 195 198 197 200 199 202 201 204 203 206 205 208 207 210 209 212 211 214 213 216 215 218 217 220 219 222 221 224 223 226 225 228 227 230 229 232 231 234 233 236 235 238 237 240 239 242 241 244 243 246 245 248 247 250 249 252 251 254 253 256 255 258 257 260 259 262 261 264 263 266 265 268 267 270 269 272 271 274 273 276 275 278 277 280 279 282 281 284 283 286 285 288 287 290 289 292 291 294 293 296 295 298 297 300 299 302 301 304 303 306 305 308 307 310 309 312 311 314 313 316 315 318 317 320 319 322 321 324 323 326 325 328 327 330 329 332 331 334 333 336 335 338 337 340 339 342 341 344 343 346 345 348 347 350 349 352 351 354 353 356 355 358 357 360 359 362 361 364 363 366 365 368 367 370 369 372 371 374 373 376 375 378 377 380 379 382 381 384 383 386 385 388 387 390 389 392 391 394 393 396 395 398 397 400 399 402 401 404 403 406 405 408 407 410 409 412 411 414 413 416 415 418 417 420 419 422 421 424 423 426 425 428 427 430 429 432 431 434 433 436 435 438 437 440 439 442 441 444 443 446 445 448 447 450 449 452 451 454 453 456 455 458 457 460 459 462 461 464 463 466 465 468 467 470 469 472 471 474 473 476 475 478 477 480 479 482 481 484 483 486 485 488 487 490 489 492 491 494 493 496 495 498 497 500 499 502 501 504 503 506 505 508 507 510 509 512 511 514 513 516 515 518 517 520 519 522 521 524 523 526 525 528 527 530 529 532 531 534 533 536 535 538 537 540 539 542 541 544 543 546 545 548 547 550 549 552 551 554 553 556 555 558 557 560 559 562 561 564 563 566 565 568 567 570 569 572 571 574 573 576 575 578 577 580 579 582 581 584 583 586 585 588 587 590 589 592 591 594 593 596 595 598 597 600 599 602 601 604 603 606 605 608 607 610 609 612 611 614 613 616 615 618 617 620 619 622 621 624 623 626 625 628 627 630 629 632 631 634 633 636 635 638 637 640 639 642 641 644 643 646 645 648 647 650 649 652 651 654 653 656 655 658 657 660 659 662 661 664 663 666 665 668 667 670 669 672 671 674 673 676 675 678 677 680 679 682 681 684 683 686 685 688 687 690 689 692 691 694 693 696 695 698 697 700 699 702 701 704 703 706 705 708 707 710 709 712 711 714 713 716 715 718 717 720 719 722 721 724 723 726 725 728 727 730 729 732 731 734 733 736 735 738 737 740 739 742 741 744 743 746 745 748 747 750 749 752 751 754 753 756 755 758 757 760 759 762 761 764 763 766 765 768 767 770 769 772 771 774 773 776 775 778 777 780 779 782 781 784 783 786 785 788 787 790 789 792 791 794 793 796 795 798 797 800 799 802 801 804 803 806 805 808 807 810 809 812 811 814 813 816 815 818 817 820 819 822 821 824 823 826 825 828 827 830 829 832 831 834 833 836 835 838 837 840 839 842 841 844 843 846 845 848 847 850 849 852 851 854 853 856 855 858 857 860 859 862 861 864 863 866 865 868 867 870 869 872 871 874 873 876 875 878 877 880 879 882 881 884 883 886 885 888 887 890 889 892 891 894 893 896 895 898 897 900 899 902 901 904 903 906 905 908 907 910 909 912 911 914 913 916 915 918 917 920 919 922 921 924 923 926 925 928 927 930 929 932 931 934 933 936 935 938 937 940 939 942 941 944 943 946 945 948 947 950 949 952 951 954 953 956 955 958 957 960 959 962 961 964 963 966 965 968 967 970 969 972 971 974 973 976 975 978 977 980 979 982 981 984 983 986 985 988 987 990 989 992 991 994 993 996 995 998 997 1000 999
1 3 5 7 9 11 13 15 17 19 21 23 25 27 29 31 33 35 37 39 41 43 45 47 49 51 53 55 57 59 61 63 65 67 69 71 73 75 77 79 81 83 85 87 89 91 93 95 97 99 101 103 105 107 109 111 113 115 117 119 121 123 125 127 129 131 133 135 137 139 141 143 145 147 149 151 153 155 157 159 161 163 165 167 169 171 173 175 177 179 181 183 185 187 189 191 193 195 197 199 201 203 205 207 209 211 213 215 217 219 221 223 225 227 229 231 233 235 237 239 241 243 245 247 249 251 253 255 257 259 261 263 265 267 269 271 273 275 277 279 281 283 285 287 289 291 293 295 297 299 301 303 305 307 309 311 313 315 317 319 321 323 325 327 329 331 333 335 337 339 341 343 345 347 349 351 353 355 357 359 361 363 365 367 369 371 373 375 377 379 381 383 385 387 389 391 393 395 397 399 401 403 405 407 409 411 413 415 417 419 421 423 425 427 429 431 433 435 437 439 441 443 445 447 449 451 453 455 457 459 461 463 465 467 469 471 473 475 477 479 481 483 485 487 489 491 493 495 497 499 501 503 505 507 509 511 513 515 517 519 521 523 525 527 529 531 533 535 537 539 541 543 545 547 549 551 553 555 557 559 561 563 565 567 569 571 573 575 577 579 581 583 585 587 589 591 593 595 597 599 601 603 605 607 609 611 613 615 617 619 621 623 625 627 629 631 633 635 637 639 641 643 645 647 649 651 653 655 657 659 661 663 665 667 669 671 673 675 677 679 681 683 685 687 689 691 693 695 697 699 701 703 705 707 709 711 713 715 717 719 721 723 725 727 729 731 733 735 737 739 741 743 745 747 749 751 753 755 757 759 761 763 765 767 769 771 773 775 777 779 781 783 785 787 789 791 793 795 797 799 801 803 805 807 809 811 813 815 817 819 821 823 825 827 829 831 833 835 837 839 841 843 845 847 849 851 853 855 857 859 861 863 865 867 869 871 873 875 877 879 881 883 885 887 889 891 893 895 897 899 901 903 905 907 909 911 913 915 917 919 921 923 925 927 929 931 933 935 937 939 941 943 945 947 949 951 953 955 957 959 961 963 965 967 969 971 973 975 977 979 981 983 985 987 989 991 993 995 997 999 1000 998 996 994 992 990 988 986 984 982 980 978 976 974 972 970 968 966 964 962 960 958 956 954 952 950 948 946 944 942 940 938 936 934 932 930 928 926 924 922 920 918 916 914 912 910 908 906 904 902 900 898 896 894 892 890 888 886 884 882 880 878 876 874 872 870 868 866 864 862 860 858 856 854 852 850 848 846 844 842 840 838 836 834 832 830 828 826 824 822 820 818 816 814 812 810 808 806 804 802 800 798 796 794 792 790 788 786 784 782 780 778 776 774 772 770 768 766 764 762 760 758 756 754 752 750 748 746 744 742 740 738 736 734 732 730 728 726 724 722 720 718 716 714 712 710 708 706 704 702 700 698 696 694 692 690 688 686 684 682 680 678 676 674 672 670 668 666 664 662 660 658 656 654 652 650 648 646 644 642 640 638 636 634 632 630 628 626 624 622 620 618 616 614 612 610 608 606 604 602 600 598 596 594 592 590 588 586 584 582 580 578 576 574 572 570 568 566 564 562 560 558 556 554 552 550 548 546 544 542 540 538 536 534 532 530 528 526 524 522 520 518 516 514 512 510 508 506 504 502 500 498 496 494 492 490 488 486 484 482 480 478 476 474 472 470 468 466 464 462 460 458 456 454 452 450 448 446 444 442 440 438 436 434 432 430 428 426 424 422 420 418 416 414 412 410 408 406 404 402 400 398 396 394 392 390 388 386 384 382 380 378 376 374 372 370 368 366 364 362 360 358 356 354 352 350 348 346 344 342 340 338 336 334 332 330 328 326 324 322 320 318 316 314 312 310 308 306 304 302 300 298 296 294 292 290 288 286 284 282 280 278 276 274 272 270 268 266 264 262 260 258 256 254 252 250 248 246 244 242 240 238 236 234 232 230 228 226 224 222 220 218 216 214 212 210 208 206 204 202 200 198 196 194 192 190 188 186 184 182 180 178 176 174 172 170 168 166 164 162 160 158 156 154 152 150 148 146 144 142 140 138 136 134 132 130 128 126 124 122 120 118 116 114 112 110 108 106 104 102 100 98 96 94 92 90 88 86 84 82 80 78 76 74 72 70 68 66 64 62 60 58 56 54 52 50 48 46 44 42 40 38 36 34 32 30 28 26 24 22 20 18 16 14 12 10 8 6 4 2 0